xof 0303txt 0032


template VertexDuplicationIndices { 
 <b8d65549-d7c9-4995-89cf-53a9a8b031e3>
 DWORD nIndices;
 DWORD nOriginalVertices;
 array DWORD indices[nIndices];
}
template XSkinMeshHeader {
 <3cf169ce-ff7c-44ab-93c0-f78f62d172e2>
 WORD nMaxSkinWeightsPerVertex;
 WORD nMaxSkinWeightsPerFace;
 WORD nBones;
}
template SkinWeights {
 <6f0d123b-bad2-4167-a0d0-80224f25fabb>
 STRING transformNodeName;
 DWORD nWeights;
 array DWORD vertexIndices[nWeights];
 array float weights[nWeights];
 Matrix4x4 matrixOffset;
}

Frame RootFrame {

  FrameTransformMatrix {
    1.000000,0.000000,0.000000,0.000000,
    0.000000,-0.000000,1.000000,0.000000,
    0.000000,1.000000,0.000000,0.000000,
    0.000000,0.000000,0.000000,1.000000;;
  }
    Frame Root {

      FrameTransformMatrix {
        1.000000,0.000000,0.000000,0.000000,
        0.000000,0.000000,1.000000,0.000000,
        0.000000,-1.000000,0.000000,0.000000,
        0.000000,0.000000,0.000000,1.000000;;
      }
      Frame Waist {

        FrameTransformMatrix {
          1.000000,-0.000000,-0.000000,0.000000,
          -0.000000,1.000000,-0.001200,0.000000,
          0.000000,0.001200,1.000000,0.000000,
          0.000000,-0.444200,-0.192700,1.000000;;
        }
        Frame Stomach {

          FrameTransformMatrix {
            -1.000000,0.000000,-0.000000,0.000000,
            0.000000,0.954800,-0.297300,0.000000,
            0.000000,-0.297300,-0.954800,0.000000,
            0.000000,0.633000,0.000000,1.000000;;
          }
          Frame Chest {

            FrameTransformMatrix {
              1.000000,0.000000,0.000000,0.000000,
              -0.000000,0.952300,-0.305000,0.000000,
              -0.000000,0.305000,0.952300,0.000000,
              -0.000000,0.575500,0.000000,1.000000;;
            }
            Frame Neck {

              FrameTransformMatrix {
                1.000000,0.000000,0.000000,0.000000,
                -0.000000,0.951500,-0.307600,0.000000,
                -0.000000,0.307600,0.951500,0.000000,
                -0.000000,1.618700,-0.292300,1.000000;;
              }
              Frame Head {

                FrameTransformMatrix {
                  1.000000,-0.000000,-0.000000,0.000000,
                  0.000000,0.945100,0.326900,0.000000,
                  0.000000,-0.326900,0.945100,0.000000,
                  0.000000,0.379300,-0.000000,1.000000;;
                }
                Frame Jaw {

                  FrameTransformMatrix {
                    1.000000,0.000000,-0.000000,0.000000,
                    -0.000000,-0.524100,-0.851600,0.000000,
                    -0.000000,0.851600,-0.524100,0.000000,
                    0.000000,0.007300,-0.263800,1.000000;;
                  }
                  Frame LowerLip {

                    FrameTransformMatrix {
                      1.000000,0.000000,-0.000000,0.000000,
                      0.000000,0.873300,0.487200,0.000000,
                      0.000000,-0.487200,0.873300,0.000000,
                      0.000000,0.063100,-0.122900,1.000000;;
                    }
                  }
                  Frame TongueBase {

                    FrameTransformMatrix {
                      1.000000,0.000000,-0.000000,0.000000,
                      0.000000,0.741600,0.670900,0.000000,
                      0.000000,-0.670900,0.741600,0.000000,
                      -0.000000,0.188800,-0.223200,1.000000;;
                    }
                    Frame TongueMid {

                      FrameTransformMatrix {
                        1.000000,0.000000,0.000000,0.000000,
                        0.000000,0.936300,-0.351100,0.000000,
                        -0.000000,0.351100,0.936300,0.000000,
                        0.000000,0.320200,0.000000,1.000000;;
                      }
                      Frame TongueTip {

                        FrameTransformMatrix {
                          1.000000,0.000000,0.000000,0.000000,
                          -0.000000,0.944500,-0.328600,0.000000,
                          -0.000000,0.328600,0.944500,0.000000,
                          0.000000,0.229300,0.000000,1.000000;;
                        }
                      }
                    }
                  }
                }
                Frame UpperLip {

                  FrameTransformMatrix {
                    1.000000,0.000000,-0.000000,0.000000,
                    -0.000000,-0.184800,-0.982800,0.000000,
                    -0.000000,0.982800,-0.184800,0.000000,
                    0.000000,0.051800,-0.250900,1.000000;;
                  }
                }
                Frame Cheek_R {

                  FrameTransformMatrix {
                    0.341000,-0.802900,0.489000,0.000000,
                    0.330400,-0.384600,-0.861900,0.000000,
                    0.880100,0.455500,0.134100,0.000000,
                    0.137000,0.726100,-0.200000,1.000000;;
                  }
                }
                Frame Cheek_L {

                  FrameTransformMatrix {
                    0.341000,0.802900,-0.489000,0.000000,
                    -0.330400,-0.384600,-0.861900,0.000000,
                    -0.880100,0.455500,0.134100,0.000000,
                    -0.137000,0.726100,-0.200000,1.000000;;
                  }
                }
                Frame Brow_R {

                  FrameTransformMatrix {
                    0.292000,-0.947000,-0.133800,0.000000,
                    0.629300,0.295600,-0.718700,0.000000,
                    0.720200,0.125700,0.682300,0.000000,
                    0.218100,0.684300,-0.511000,1.000000;;
                  }
                }
                Frame Brow_L {

                  FrameTransformMatrix {
                    0.292000,0.947000,0.133800,0.000000,
                    -0.629300,0.295600,-0.718700,0.000000,
                    -0.720200,0.125700,0.682300,0.000000,
                    -0.218100,0.684300,-0.511000,1.000000;;
                  }
                }
                Frame Brow_C {

                  FrameTransformMatrix {
                    1.000000,0.000000,-0.000000,0.000000,
                    -0.000000,0.100900,-0.994900,0.000000,
                    -0.000000,0.994900,0.100900,0.000000,
                    0.000000,0.683600,-0.509500,1.000000;;
                  }
                }
                Frame Eye_R {

                  FrameTransformMatrix {
                    -0.525100,0.837900,-0.148700,0.000000,
                    0.014600,-0.165800,-0.986000,0.000000,
                    -0.850900,-0.520000,0.074900,0.000000,
                    0.269600,0.636900,-0.660800,1.000000;;
                  }
                }
                Frame Eye_L {

                  FrameTransformMatrix {
                    -0.095600,0.981900,-0.163700,0.000000,
                    -0.014500,-0.165800,-0.986000,0.000000,
                    -0.995300,-0.091900,0.030100,0.000000,
                    -0.269600,0.636900,-0.660800,1.000000;;
                  }
                }
              }
            }
            Frame Clavicle_L {

              FrameTransformMatrix {
                0.142100,-0.099400,-0.984800,0.000000,
                -0.989600,-0.037700,-0.139000,0.000000,
                -0.023300,0.994300,-0.103800,0.000000,
                -0.000000,1.283400,0.000000,1.000000;;
              }
              Frame Humerus_L {

                FrameTransformMatrix {
                  0.195800,0.909900,0.365600,0.000000,
                  -0.066500,0.384300,-0.920800,0.000000,
                  -0.978400,0.156000,0.135700,0.000000,
                  -0.000000,1.614300,0.000000,1.000000;;
                }
                Frame Ulna_L {

                  FrameTransformMatrix {
                    -0.690200,-0.144500,-0.709100,0.000000,
                    0.255900,0.867800,-0.425900,0.000000,
                    0.676900,-0.475400,-0.562000,0.000000,
                    0.000000,1.851400,0.000000,1.000000;;
                  }
                  Frame Hand_L {

                    FrameTransformMatrix {
                      0.373900,0.096100,0.922500,0.000000,
                      -0.057400,0.995100,-0.080400,0.000000,
                      -0.925700,-0.022900,0.377600,0.000000,
                      -0.000000,1.194200,-0.000000,1.000000;;
                    }
                    Frame ThumbProx_L {

                      FrameTransformMatrix {
                        0.652400,-0.545600,-0.526100,0.000000,
                        0.275900,0.817400,-0.505600,0.000000,
                        0.705900,0.184700,0.683800,0.000000,
                        0.317000,0.205600,-0.208500,1.000000;;
                      }
                      Frame ThumbMed_L {

                        FrameTransformMatrix {
                          0.870400,0.478700,0.115100,0.000000,
                          -0.395800,0.819400,-0.414700,0.000000,
                          -0.292900,0.315400,0.902600,0.000000,
                          -0.000000,0.531100,0.000000,1.000000;;
                        }
                        Frame ThumbDist_L {

                          FrameTransformMatrix {
                            0.986600,-0.093900,-0.133400,0.000000,
                            0.100000,0.994200,0.039700,0.000000,
                            0.128900,-0.052500,0.990300,0.000000,
                            -0.000000,0.305400,-0.000000,1.000000;;
                          }
                        }
                      }
                    }
                    Frame IndexFingerProx_L {

                      FrameTransformMatrix {
                        0.875500,0.008100,-0.483100,0.000000,
                        0.007000,0.999500,0.029600,0.000000,
                        0.483100,-0.029300,0.875100,0.000000,
                        0.310700,0.780400,-0.029400,1.000000;;
                      }
                      Frame IndexFingerMed_L {

                        FrameTransformMatrix {
                          0.997100,0.025900,-0.071600,0.000000,
                          -0.051200,0.923900,-0.379200,0.000000,
                          0.056300,0.381800,0.922500,0.000000,
                          0.000000,0.343600,0.000000,1.000000;;
                        }
                        Frame IndexFingerDist_L {

                          FrameTransformMatrix {
                            0.992100,-0.018400,-0.124400,0.000000,
                            -0.021200,0.950500,-0.309900,0.000000,
                            0.123900,0.310100,0.942600,0.000000,
                            -0.000000,0.312700,-0.000000,1.000000;;
                          }
                        }
                      }
                    }
                    Frame MiddleFingerProx_L {

                      FrameTransformMatrix {
                        0.912100,0.026600,-0.409000,0.000000,
                        0.026000,0.992100,0.122400,0.000000,
                        0.409000,-0.122300,0.904300,0.000000,
                        0.056900,0.751000,0.108200,1.000000;;
                      }
                      Frame MiddleFingerMed_L {

                        FrameTransformMatrix {
                          0.989400,-0.117000,-0.086300,0.000000,
                          0.047400,0.820500,-0.569700,0.000000,
                          0.137500,0.559500,0.817300,0.000000,
                          0.000000,0.408800,0.000000,1.000000;;
                        }
                        Frame MiddleFingerDist_L {

                          FrameTransformMatrix {
                            0.918700,-0.199500,-0.341000,0.000000,
                            0.039300,0.905000,-0.423600,0.000000,
                            0.393100,0.375700,0.839200,0.000000,
                            0.000000,0.337000,0.000000,1.000000;;
                          }
                        }
                      }
                    }
                    Frame RingFingerProx_L {

                      FrameTransformMatrix {
                        0.827100,0.043100,-0.560300,0.000000,
                        -0.133400,0.983600,-0.121300,0.000000,
                        0.545900,0.175100,0.819300,0.000000,
                        -0.187400,0.702800,0.180900,1.000000;;
                      }
                      Frame RingFingerMed_L {

                        FrameTransformMatrix {
                          0.953400,-0.283900,-0.101900,0.000000,
                          0.205600,0.858700,-0.469400,0.000000,
                          0.220700,0.426600,0.877100,0.000000,
                          -0.000000,0.389100,-0.000000,1.000000;;
                        }
                        Frame RingFingerDist_L {

                          FrameTransformMatrix {
                            0.974300,-0.134800,-0.180600,0.000000,
                            0.110400,0.984100,-0.139200,0.000000,
                            0.196500,0.115700,0.973700,0.000000,
                            0.000000,0.258400,0.000000,1.000000;;
                          }
                        }
                      }
                    }
                    Frame PinkyProx_L {

                      FrameTransformMatrix {
                        0.846000,0.111300,-0.521400,0.000000,
                        -0.138700,0.990200,-0.013700,0.000000,
                        0.514800,0.083900,0.853200,0.000000,
                        -0.408700,0.629200,0.181700,1.000000;;
                      }
                      Frame PinkyMed_L {

                        FrameTransformMatrix {
                          0.948000,-0.304000,-0.093900,0.000000,
                          0.255300,0.902900,-0.345900,0.000000,
                          0.189900,0.304000,0.933500,0.000000,
                          0.000000,0.267300,-0.000000,1.000000;;
                        }
                        Frame PinkyDist_L {

                          FrameTransformMatrix {
                            0.935400,-0.182400,-0.303000,0.000000,
                            0.127900,0.973200,-0.191200,0.000000,
                            0.329700,0.140100,0.933600,0.000000,
                            -0.000000,0.198100,0.000000,1.000000;;
                          }
                        }
                      }
                    }
                    Frame Handle_L {

                      FrameTransformMatrix {
                        0.203600,0.209400,0.956400,0.000000,
                        0.247900,-0.956000,0.156500,0.000000,
                        0.947100,0.205300,-0.246600,0.000000,
                        0.553900,0.815200,-0.355600,1.000000;;
                      }
                    }
                  }
                }
              }
            }
            Frame Clavicle_R {

              FrameTransformMatrix {
                0.142100,0.099400,0.984800,0.000000,
                0.989600,-0.037700,-0.139000,0.000000,
                0.023300,0.994300,-0.103800,0.000000,
                0.000000,1.283400,0.000000,1.000000;;
              }
              Frame Humerus_R {

                FrameTransformMatrix {
                  0.195800,-0.909900,-0.365600,0.000000,
                  0.066500,0.384300,-0.920800,0.000000,
                  0.978400,0.156000,0.135700,0.000000,
                  -0.000000,1.614300,-0.000000,1.000000;;
                }
                Frame Ulna_R {

                  FrameTransformMatrix {
                    -0.415000,0.365900,0.833000,0.000000,
                    -0.169400,0.868500,-0.465900,0.000000,
                    -0.893900,-0.334400,-0.298400,0.000000,
                    0.000000,1.851400,-0.000000,1.000000;;
                  }
                  Frame Hand_R {

                    FrameTransformMatrix {
                      0.955300,-0.055500,-0.290400,0.000000,
                      0.059900,0.998200,0.006000,0.000000,
                      0.289500,-0.023100,0.956900,0.000000,
                      0.000000,1.194200,-0.000000,1.000000;;
                    }
                    Frame ThumbProx_R {

                      FrameTransformMatrix {
                        0.826400,0.545600,0.138900,0.000000,
                        -0.488300,0.817400,-0.305600,0.000000,
                        -0.280300,0.184700,0.942000,0.000000,
                        -0.378500,0.205600,-0.026500,1.000000;;
                      }
                      Frame ThumbMed_R {

                        FrameTransformMatrix {
                          0.870400,-0.478700,-0.115100,0.000000,
                          0.395800,0.819400,-0.414700,0.000000,
                          0.292900,0.315400,0.902600,0.000000,
                          -0.000000,0.531100,-0.000000,1.000000;;
                        }
                        Frame ThumbDist_R {

                          FrameTransformMatrix {
                            0.986600,0.093900,0.133400,0.000000,
                            -0.100000,0.994200,0.039700,0.000000,
                            -0.128900,-0.052500,0.990300,0.000000,
                            0.000000,0.305400,0.000000,1.000000;;
                          }
                        }
                      }
                    }
                    Frame IndexFingerProx_R {

                      FrameTransformMatrix {
                        0.999900,-0.008100,-0.007900,0.000000,
                        0.008400,0.999500,0.029200,0.000000,
                        0.007700,-0.029300,0.999500,0.000000,
                        -0.285300,0.780400,0.126600,1.000000;;
                      }
                      Frame IndexFingerMed_R {

                        FrameTransformMatrix {
                          0.997100,-0.025900,0.071600,0.000000,
                          0.051200,0.923900,-0.379200,0.000000,
                          -0.056300,0.381800,0.922500,0.000000,
                          0.000000,0.343600,-0.000000,1.000000;;
                        }
                        Frame IndexFingerDist_R {

                          FrameTransformMatrix {
                            0.992100,0.018400,0.124400,0.000000,
                            0.021200,0.950500,-0.309900,0.000000,
                            -0.123900,0.310100,0.942600,0.000000,
                            -0.000000,0.312700,-0.000000,1.000000;;
                          }
                        }
                      }
                    }
                    Frame MiddleFingerProx_R {

                      FrameTransformMatrix {
                        0.995600,-0.026600,-0.090400,0.000000,
                        0.037300,0.992100,0.119400,0.000000,
                        0.086500,-0.122300,0.988700,0.000000,
                        0.003400,0.751000,0.122200,1.000000;;
                      }
                      Frame MiddleFingerMed_R {

                        FrameTransformMatrix {
                          0.989400,0.117000,0.086300,0.000000,
                          -0.047400,0.820500,-0.569700,0.000000,
                          -0.137500,0.559500,0.817300,0.000000,
                          0.000000,0.408800,0.000000,1.000000;;
                        }
                        Frame MiddleFingerDist_R {

                          FrameTransformMatrix {
                            0.918700,0.199500,0.341000,0.000000,
                            -0.039300,0.905000,-0.423600,0.000000,
                            -0.393100,0.375700,0.839200,0.000000,
                            -0.000000,0.337000,0.000000,1.000000;;
                          }
                        }
                      }
                    }
                    Frame RingFingerProx_R {

                      FrameTransformMatrix {
                        0.995600,-0.043100,0.083200,0.000000,
                        0.056900,0.983600,-0.171100,0.000000,
                        -0.074400,0.175100,0.981700,0.000000,
                        0.252000,0.702800,0.065900,1.000000;;
                      }
                      Frame RingFingerMed_R {

                        FrameTransformMatrix {
                          0.953400,0.283900,0.101900,0.000000,
                          -0.205600,0.858700,-0.469400,0.000000,
                          -0.220700,0.426600,0.877100,0.000000,
                          0.000000,0.389100,-0.000000,1.000000;;
                        }
                        Frame RingFingerDist_R {

                          FrameTransformMatrix {
                            0.974300,0.134800,0.180600,0.000000,
                            -0.110400,0.984100,-0.139200,0.000000,
                            -0.196500,0.115700,0.973700,0.000000,
                            0.000000,0.258400,-0.000000,1.000000;;
                          }
                        }
                      }
                    }
                    Frame PinkyProx_R {

                      FrameTransformMatrix {
                        0.993000,-0.111300,0.040000,0.000000,
                        0.114200,0.990200,-0.079900,0.000000,
                        -0.030700,0.084000,0.996000,0.000000,
                        0.445300,0.629200,-0.041900,1.000000;;
                      }
                      Frame PinkyMed_R {

                        FrameTransformMatrix {
                          0.948000,0.304000,0.093900,0.000000,
                          -0.255300,0.902900,-0.345900,0.000000,
                          -0.189900,0.304000,0.933500,0.000000,
                          -0.000000,0.267300,-0.000000,1.000000;;
                        }
                        Frame PinkyDist_R {

                          FrameTransformMatrix {
                            0.935400,0.182500,0.303000,0.000000,
                            -0.127900,0.973200,-0.191200,0.000000,
                            -0.329700,0.140100,0.933600,0.000000,
                            -0.000000,0.198100,-0.000000,1.000000;;
                          }
                        }
                      }
                    }
                    Frame Handle_R {

                      FrameTransformMatrix {
                        -0.291200,-0.209400,-0.933500,0.000000,
                        -0.139400,-0.956000,0.257900,0.000000,
                        -0.946500,0.205300,0.249200,0.000000,
                        -0.657100,0.815100,-0.038600,1.000000;;
                      }
                    }
                  }
                }
              }
            }
            Frame Sheath_L {

              FrameTransformMatrix {
                -0.134600,0.304100,0.943100,0.000000,
                -0.892400,-0.450900,0.018000,0.000000,
                0.430700,-0.839200,0.332100,0.000000,
                -1.069000,1.795200,0.425200,1.000000;;
              }
            }
            Frame Sheath_R {

              FrameTransformMatrix {
                0.154300,-0.191400,-0.969300,0.000000,
                0.865300,-0.447400,0.226100,0.000000,
                -0.476900,-0.873600,0.096500,0.000000,
                1.030000,1.798000,0.677200,1.000000;;
              }
            }
          }
        }
      }
      Frame Thigh_L {

        FrameTransformMatrix {
          -0.970800,-0.208700,0.118600,0.000000,
          0.228000,-0.956200,0.183700,0.000000,
          0.075000,0.205400,0.975800,0.000000,
          0.638500,-1.033300,-0.001500,1.000000;;
        }
        Frame Calf_L {

          FrameTransformMatrix {
            0.997500,-0.060000,0.036200,0.000000,
            0.068900,0.935800,-0.345800,0.000000,
            -0.013100,0.347400,0.937600,0.000000,
            0.000000,1.639300,0.000000,1.000000;;
          }
          Frame Foot_L {

            FrameTransformMatrix {
              0.999000,-0.027100,0.034200,0.000000,
              -0.022400,0.355200,0.934500,0.000000,
              -0.037500,-0.934400,0.354200,0.000000,
              0.000000,1.815000,0.000000,1.000000;;
            }
            Frame Toe_L {

              FrameTransformMatrix {
                0.992400,-0.098500,0.073100,0.000000,
                0.059700,0.908600,0.413300,0.000000,
                -0.107200,-0.405800,0.907700,0.000000,
                -0.000000,0.765600,-0.000000,1.000000;;
              }
            }
          }
        }
      }
      Frame Thigh_R {

        FrameTransformMatrix {
          -0.970800,0.208700,-0.118600,0.000000,
          -0.228000,-0.956200,0.183700,0.000000,
          -0.075000,0.205400,0.975800,0.000000,
          -0.638500,-1.033300,-0.001500,1.000000;;
        }
        Frame Calf_R {

          FrameTransformMatrix {
            0.997500,0.060000,-0.036200,0.000000,
            -0.068900,0.935800,-0.345800,0.000000,
            0.013100,0.347500,0.937600,0.000000,
            0.000000,1.639300,-0.000000,1.000000;;
          }
          Frame Foot_R {

            FrameTransformMatrix {
              0.999000,0.027100,-0.034200,0.000000,
              0.022400,0.355200,0.934500,0.000000,
              0.037500,-0.934400,0.354200,0.000000,
              -0.000000,1.815000,0.000000,1.000000;;
            }
            Frame Toe_R {

              FrameTransformMatrix {
                0.992400,0.098500,-0.073100,0.000000,
                -0.059700,0.908600,0.413300,0.000000,
                0.107100,-0.405800,0.907700,0.000000,
                0.000000,0.765600,0.000000,1.000000;;
              }
            }
          }
        }
      }
  }  // End of the Bone Root 
      Frame Sinbad {

        FrameTransformMatrix {
          1.000000,0.000000,0.000000,0.000000,
          0.000000,1.000000,0.000000,0.000000,
          0.000000,0.000000,1.000000,0.000000,
          0.000000,0.000000,0.000000,1.000000;;
        }
Mesh {
16274;
-0.486900; -0.711300; 3.361600;,
-0.479500; -0.769300; 3.352200;,
-0.450300; -0.787100; 3.460800;,
-0.456700; -0.729800; 3.474000;,
-0.479500; -0.769300; 3.352200;,
-0.457800; -0.823600; 3.343100;,
-0.431600; -0.839600; 3.440400;,
-0.450300; -0.787100; 3.460800;,
-0.457800; -0.823600; 3.343100;,
-0.423200; -0.870300; 3.335100;,
-0.401800; -0.883300; 3.414600;,
-0.431600; -0.839600; 3.440400;,
-0.423200; -0.870300; 3.335100;,
-0.378000; -0.906000; 3.328800;,
-0.362900; -0.915300; 3.385000;,
-0.401800; -0.883300; 3.414600;,
-0.378000; -0.906000; 3.328800;,
-0.325500; -0.928500; 3.324700;,
-0.317600; -0.933300; 3.353800;,
-0.362900; -0.915300; 3.385000;,
-0.325500; -0.928500; 3.324700;,
-0.269000; -0.936200; 3.322900;,
-0.317600; -0.933300; 3.353800;,
-0.317600; -0.933300; 3.353800;,
-0.269000; -0.936200; 3.322900;,
-0.296800; -0.936800; 3.374900;,
-0.362900; -0.915300; 3.385000;,
-0.317600; -0.933300; 3.353800;,
-0.296800; -0.936800; 3.374900;,
-0.322600; -0.922000; 3.425900;,
-0.401800; -0.883300; 3.414600;,
-0.362900; -0.915300; 3.385000;,
-0.322600; -0.922000; 3.425900;,
-0.344800; -0.892800; 3.472400;,
-0.431600; -0.839600; 3.440400;,
-0.401800; -0.883300; 3.414600;,
-0.344800; -0.892800; 3.472400;,
-0.361800; -0.851200; 3.511200;,
-0.450300; -0.787100; 3.460800;,
-0.431600; -0.839600; 3.440400;,
-0.361800; -0.851200; 3.511200;,
-0.372500; -0.800100; 3.539700;,
-0.456700; -0.729800; 3.474000;,
-0.450300; -0.787100; 3.460800;,
-0.372500; -0.800100; 3.539700;,
-0.376100; -0.743200; 3.555800;,
-0.376100; -0.743200; 3.555800;,
-0.372500; -0.800100; 3.539700;,
-0.266900; -0.804800; 3.567900;,
-0.266800; -0.747900; 3.585000;,
-0.372500; -0.800100; 3.539700;,
-0.361800; -0.851200; 3.511200;,
-0.267100; -0.855500; 3.536500;,
-0.266900; -0.804800; 3.567900;,
-0.361800; -0.851200; 3.511200;,
-0.344800; -0.892800; 3.472400;,
-0.267500; -0.896300; 3.493100;,
-0.267100; -0.855500; 3.536500;,
-0.344800; -0.892800; 3.472400;,
-0.322600; -0.922000; 3.425900;,
-0.268000; -0.924400; 3.440500;,
-0.267500; -0.896300; 3.493100;,
-0.322600; -0.922000; 3.425900;,
-0.296800; -0.936800; 3.374900;,
-0.268500; -0.938000; 3.382500;,
-0.268000; -0.924400; 3.440500;,
-0.296800; -0.936800; 3.374900;,
-0.269000; -0.936200; 3.322900;,
-0.268500; -0.938000; 3.382500;,
-0.268500; -0.938000; 3.382500;,
-0.269000; -0.936200; 3.322900;,
-0.240300; -0.936700; 3.374400;,
-0.268000; -0.924400; 3.440500;,
-0.268500; -0.938000; 3.382500;,
-0.240300; -0.936700; 3.374400;,
-0.213600; -0.921900; 3.424900;,
-0.267500; -0.896300; 3.493100;,
-0.268000; -0.924400; 3.440500;,
-0.213600; -0.921900; 3.424900;,
-0.190600; -0.892700; 3.471000;,
-0.267100; -0.855500; 3.536500;,
-0.267500; -0.896300; 3.493100;,
-0.190600; -0.892700; 3.471000;,
-0.172900; -0.851100; 3.509500;,
-0.266900; -0.804800; 3.567900;,
-0.267100; -0.855500; 3.536500;,
-0.172900; -0.851100; 3.509500;,
-0.161800; -0.799900; 3.537800;,
-0.266800; -0.747900; 3.585000;,
-0.266900; -0.804800; 3.567900;,
-0.161800; -0.799900; 3.537800;,
-0.158000; -0.742700; 3.553800;,
-0.158000; -0.742700; 3.553800;,
-0.161800; -0.799900; 3.537800;,
-0.085500; -0.786800; 3.457400;,
-0.078900; -0.729100; 3.470800;,
-0.161800; -0.799900; 3.537800;,
-0.172900; -0.851100; 3.509500;,
-0.104500; -0.839300; 3.437400;,
-0.085500; -0.786800; 3.457400;,
-0.172900; -0.851100; 3.509500;,
-0.190600; -0.892700; 3.471000;,
-0.134700; -0.883100; 3.412200;,
-0.104500; -0.839300; 3.437400;,
-0.190600; -0.892700; 3.471000;,
-0.213600; -0.921900; 3.424900;,
-0.174000; -0.915100; 3.383300;,
-0.134700; -0.883100; 3.412200;,
-0.213600; -0.921900; 3.424900;,
-0.240300; -0.936700; 3.374400;,
-0.219900; -0.933200; 3.352900;,
-0.174000; -0.915100; 3.383300;,
-0.240300; -0.936700; 3.374400;,
-0.269000; -0.936200; 3.322900;,
-0.219900; -0.933200; 3.352900;,
-0.219900; -0.933200; 3.352900;,
-0.269000; -0.936200; 3.322900;,
-0.212600; -0.928400; 3.323600;,
-0.174000; -0.915100; 3.383300;,
-0.219900; -0.933200; 3.352900;,
-0.212600; -0.928400; 3.323600;,
-0.160000; -0.905900; 3.326800;,
-0.134700; -0.883100; 3.412200;,
-0.174000; -0.915100; 3.383300;,
-0.160000; -0.905900; 3.326800;,
-0.114800; -0.870000; 3.332300;,
-0.104500; -0.839300; 3.437400;,
-0.134700; -0.883100; 3.412200;,
-0.114800; -0.870000; 3.332300;,
-0.080100; -0.823300; 3.339600;,
-0.085500; -0.786800; 3.457400;,
-0.104500; -0.839300; 3.437400;,
-0.080100; -0.823300; 3.339600;,
-0.058200; -0.769000; 3.348300;,
-0.078900; -0.729100; 3.470800;,
-0.085500; -0.786800; 3.457400;,
-0.058200; -0.769000; 3.348300;,
-0.050800; -0.710600; 3.357800;,
-0.050800; -0.710600; 3.357800;,
-0.058200; -0.769000; 3.348300;,
-0.087500; -0.751100; 3.239700;,
-0.081000; -0.692200; 3.245400;,
-0.058200; -0.769000; 3.348300;,
-0.080100; -0.823300; 3.339600;,
-0.106300; -0.807400; 3.242300;,
-0.087500; -0.751100; 3.239700;,
-0.080100; -0.823300; 3.339600;,
-0.114800; -0.870000; 3.332300;,
-0.136200; -0.857000; 3.252800;,
-0.106300; -0.807400; 3.242300;,
-0.114800; -0.870000; 3.332300;,
-0.160000; -0.905900; 3.326800;,
-0.175100; -0.896700; 3.270600;,
-0.136200; -0.857000; 3.252800;,
-0.160000; -0.905900; 3.326800;,
-0.212600; -0.928400; 3.323600;,
-0.220400; -0.923700; 3.294500;,
-0.175100; -0.896700; 3.270600;,
-0.212600; -0.928400; 3.323600;,
-0.269000; -0.936200; 3.322900;,
-0.220400; -0.923700; 3.294500;,
-0.220400; -0.923700; 3.294500;,
-0.269000; -0.936200; 3.322900;,
-0.241300; -0.920200; 3.273400;,
-0.175100; -0.896700; 3.270600;,
-0.220400; -0.923700; 3.294500;,
-0.241300; -0.920200; 3.273400;,
-0.215400; -0.889900; 3.229700;,
-0.136200; -0.857000; 3.252800;,
-0.175100; -0.896700; 3.270600;,
-0.215400; -0.889900; 3.229700;,
-0.193100; -0.847500; 3.195000;,
-0.106300; -0.807400; 3.242300;,
-0.136200; -0.857000; 3.252800;,
-0.193100; -0.847500; 3.195000;,
-0.176100; -0.795700; 3.171500;,
-0.087500; -0.751100; 3.239700;,
-0.106300; -0.807400; 3.242300;,
-0.176100; -0.795700; 3.171500;,
-0.165300; -0.738100; 3.160800;,
-0.081000; -0.692200; 3.245400;,
-0.087500; -0.751100; 3.239700;,
-0.165300; -0.738100; 3.160800;,
-0.161600; -0.678700; 3.163600;,
-0.161600; -0.678700; 3.163600;,
-0.165300; -0.738100; 3.160800;,
-0.270900; -0.733400; 3.132600;,
-0.270900; -0.673800; 3.134300;,
-0.165300; -0.738100; 3.160800;,
-0.176100; -0.795700; 3.171500;,
-0.270700; -0.791500; 3.146200;,
-0.270900; -0.733400; 3.132600;,
-0.176100; -0.795700; 3.171500;,
-0.193100; -0.847500; 3.195000;,
-0.270400; -0.844000; 3.174300;,
-0.270700; -0.791500; 3.146200;,
-0.193100; -0.847500; 3.195000;,
-0.215400; -0.889900; 3.229700;,
-0.270000; -0.887500; 3.215100;,
-0.270400; -0.844000; 3.174300;,
-0.215400; -0.889900; 3.229700;,
-0.241300; -0.920200; 3.273400;,
-0.269600; -0.918900; 3.265800;,
-0.270000; -0.887500; 3.215100;,
-0.241300; -0.920200; 3.273400;,
-0.269000; -0.936200; 3.322900;,
-0.269600; -0.918900; 3.265800;,
-0.269600; -0.918900; 3.265800;,
-0.269000; -0.936200; 3.322900;,
-0.297700; -0.920200; 3.273900;,
-0.270000; -0.887500; 3.215100;,
-0.269600; -0.918900; 3.265800;,
-0.297700; -0.920200; 3.273900;,
-0.324400; -0.890000; 3.230700;,
-0.270400; -0.844000; 3.174300;,
-0.270000; -0.887500; 3.215100;,
-0.324400; -0.890000; 3.230700;,
-0.347300; -0.847600; 3.196400;,
-0.270700; -0.791500; 3.146200;,
-0.270400; -0.844000; 3.174300;,
-0.347300; -0.847600; 3.196400;,
-0.364900; -0.795800; 3.173200;,
-0.270900; -0.733400; 3.132600;,
-0.270700; -0.791500; 3.146200;,
-0.364900; -0.795800; 3.173200;,
-0.376000; -0.738300; 3.162700;,
-0.270900; -0.673800; 3.134300;,
-0.270900; -0.733400; 3.132600;,
-0.376000; -0.738300; 3.162700;,
-0.379700; -0.679000; 3.165500;,
-0.379700; -0.679000; 3.165500;,
-0.376000; -0.738300; 3.162700;,
-0.452300; -0.751400; 3.243100;,
-0.458700; -0.692800; 3.248700;,
-0.376000; -0.738300; 3.162700;,
-0.364900; -0.795800; 3.173200;,
-0.433400; -0.807600; 3.245300;,
-0.452300; -0.751400; 3.243100;,
-0.364900; -0.795800; 3.173200;,
-0.347300; -0.847600; 3.196400;,
-0.403300; -0.857200; 3.255200;,
-0.433400; -0.807600; 3.245300;,
-0.347300; -0.847600; 3.196400;,
-0.324400; -0.890000; 3.230700;,
-0.363900; -0.896800; 3.272400;,
-0.403300; -0.857200; 3.255200;,
-0.324400; -0.890000; 3.230700;,
-0.297700; -0.920200; 3.273900;,
-0.318200; -0.923700; 3.295400;,
-0.363900; -0.896800; 3.272400;,
-0.297700; -0.920200; 3.273900;,
-0.269000; -0.936200; 3.322900;,
-0.318200; -0.923700; 3.295400;,
-0.269000; -0.936200; 3.322900;,
-0.325500; -0.928500; 3.324700;,
-0.318200; -0.923700; 3.295400;,
-0.325500; -0.928500; 3.324700;,
-0.378000; -0.906000; 3.328800;,
-0.363900; -0.896800; 3.272400;,
-0.318200; -0.923700; 3.295400;,
-0.403300; -0.857200; 3.255200;,
-0.363900; -0.896800; 3.272400;,
-0.378000; -0.906000; 3.328800;,
-0.423200; -0.870300; 3.335100;,
-0.433400; -0.807600; 3.245300;,
-0.403300; -0.857200; 3.255200;,
-0.423200; -0.870300; 3.335100;,
-0.457800; -0.823600; 3.343100;,
-0.452300; -0.751400; 3.243100;,
-0.433400; -0.807600; 3.245300;,
-0.457800; -0.823600; 3.343100;,
-0.479500; -0.769300; 3.352200;,
-0.458700; -0.692800; 3.248700;,
-0.452300; -0.751400; 3.243100;,
-0.479500; -0.769300; 3.352200;,
-0.486900; -0.711300; 3.361600;,
0.050800; -0.710600; 3.357800;,
0.078900; -0.729100; 3.470800;,
0.085500; -0.670000; 3.476500;,
0.058200; -0.652100; 3.367400;,
0.058200; -0.652100; 3.367400;,
0.085500; -0.670000; 3.476500;,
0.104500; -0.613800; 3.474300;,
0.080100; -0.597800; 3.376500;,
0.080100; -0.597800; 3.376500;,
0.104500; -0.613800; 3.474300;,
0.134700; -0.564300; 3.464300;,
0.114800; -0.551200; 3.384500;,
0.114800; -0.551200; 3.384500;,
0.134700; -0.564300; 3.464300;,
0.174000; -0.524700; 3.447200;,
0.160000; -0.515400; 3.390800;,
0.160000; -0.515400; 3.390800;,
0.174000; -0.524700; 3.447200;,
0.219900; -0.497900; 3.424200;,
0.212600; -0.493000; 3.394900;,
0.212600; -0.493000; 3.394900;,
0.219900; -0.497900; 3.424200;,
0.269000; -0.485500; 3.396700;,
0.219900; -0.497900; 3.424200;,
0.240300; -0.501400; 3.445700;,
0.269000; -0.485500; 3.396700;,
0.174000; -0.524700; 3.447200;,
0.213600; -0.531600; 3.488800;,
0.240300; -0.501400; 3.445700;,
0.219900; -0.497900; 3.424200;,
0.134700; -0.564300; 3.464300;,
0.190600; -0.574000; 3.523200;,
0.213600; -0.531600; 3.488800;,
0.174000; -0.524700; 3.447200;,
0.104500; -0.613800; 3.474300;,
0.172900; -0.625700; 3.546300;,
0.190600; -0.574000; 3.523200;,
0.134700; -0.564300; 3.464300;,
0.085500; -0.670000; 3.476500;,
0.161800; -0.683300; 3.556800;,
0.172900; -0.625700; 3.546300;,
0.104500; -0.613800; 3.474300;,
0.078900; -0.729100; 3.470800;,
0.158000; -0.742700; 3.553800;,
0.161800; -0.683300; 3.556800;,
0.085500; -0.670000; 3.476500;,
0.158000; -0.742700; 3.553800;,
0.266800; -0.747900; 3.585000;,
0.266900; -0.688300; 3.586900;,
0.161800; -0.683300; 3.556800;,
0.161800; -0.683300; 3.556800;,
0.266900; -0.688300; 3.586900;,
0.267100; -0.630200; 3.573300;,
0.172900; -0.625700; 3.546300;,
0.172900; -0.625700; 3.546300;,
0.267100; -0.630200; 3.573300;,
0.267500; -0.577700; 3.545200;,
0.190600; -0.574000; 3.523200;,
0.190600; -0.574000; 3.523200;,
0.267500; -0.577700; 3.545200;,
0.268000; -0.534200; 3.504400;,
0.213600; -0.531600; 3.488800;,
0.213600; -0.531600; 3.488800;,
0.268000; -0.534200; 3.504400;,
0.268500; -0.502800; 3.453800;,
0.240300; -0.501400; 3.445700;,
0.240300; -0.501400; 3.445700;,
0.268500; -0.502800; 3.453800;,
0.269000; -0.485500; 3.396700;,
0.268500; -0.502800; 3.453800;,
0.296800; -0.501500; 3.446200;,
0.269000; -0.485500; 3.396700;,
0.268000; -0.534200; 3.504400;,
0.322600; -0.531800; 3.489800;,
0.296800; -0.501500; 3.446200;,
0.268500; -0.502800; 3.453800;,
0.267500; -0.577700; 3.545200;,
0.344800; -0.574400; 3.524500;,
0.322600; -0.531800; 3.489800;,
0.268000; -0.534200; 3.504400;,
0.267100; -0.630200; 3.573300;,
0.361800; -0.626200; 3.548000;,
0.344800; -0.574400; 3.524500;,
0.267500; -0.577700; 3.545200;,
0.266900; -0.688300; 3.586900;,
0.372500; -0.683700; 3.558700;,
0.361800; -0.626200; 3.548000;,
0.267100; -0.630200; 3.573300;,
0.266800; -0.747900; 3.585000;,
0.376100; -0.743200; 3.555800;,
0.372500; -0.683700; 3.558700;,
0.266900; -0.688300; 3.586900;,
0.376100; -0.743200; 3.555800;,
0.456700; -0.729800; 3.474000;,
0.450300; -0.670800; 3.479700;,
0.372500; -0.683700; 3.558700;,
0.372500; -0.683700; 3.558700;,
0.450300; -0.670800; 3.479700;,
0.431600; -0.614600; 3.477200;,
0.361800; -0.626200; 3.548000;,
0.361800; -0.626200; 3.548000;,
0.431600; -0.614600; 3.477200;,
0.401800; -0.564900; 3.466700;,
0.344800; -0.574400; 3.524500;,
0.344800; -0.574400; 3.524500;,
0.401800; -0.564900; 3.466700;,
0.362900; -0.525200; 3.448900;,
0.322600; -0.531800; 3.489800;,
0.322600; -0.531800; 3.489800;,
0.362900; -0.525200; 3.448900;,
0.317600; -0.498100; 3.425000;,
0.296800; -0.501500; 3.446200;,
0.296800; -0.501500; 3.446200;,
0.317600; -0.498100; 3.425000;,
0.269000; -0.485500; 3.396700;,
0.317600; -0.498100; 3.425000;,
0.325500; -0.493300; 3.395900;,
0.269000; -0.485500; 3.396700;,
0.362900; -0.525200; 3.448900;,
0.378000; -0.515900; 3.392700;,
0.325500; -0.493300; 3.395900;,
0.317600; -0.498100; 3.425000;,
0.401800; -0.564900; 3.466700;,
0.423200; -0.551800; 3.387200;,
0.378000; -0.515900; 3.392700;,
0.362900; -0.525200; 3.448900;,
0.431600; -0.614600; 3.477200;,
0.457800; -0.598600; 3.379800;,
0.423200; -0.551800; 3.387200;,
0.401800; -0.564900; 3.466700;,
0.450300; -0.670800; 3.479700;,
0.479500; -0.653000; 3.371100;,
0.457800; -0.598600; 3.379800;,
0.431600; -0.614600; 3.477200;,
0.456700; -0.729800; 3.474000;,
0.486900; -0.711300; 3.361600;,
0.479500; -0.653000; 3.371100;,
0.450300; -0.670800; 3.479700;,
0.486900; -0.711300; 3.361600;,
0.458700; -0.692800; 3.248700;,
0.452300; -0.635100; 3.262000;,
0.479500; -0.653000; 3.371100;,
0.479500; -0.653000; 3.371100;,
0.452300; -0.635100; 3.262000;,
0.433400; -0.582500; 3.282000;,
0.457800; -0.598600; 3.379800;,
0.457800; -0.598600; 3.379800;,
0.433400; -0.582500; 3.282000;,
0.403300; -0.538700; 3.307400;,
0.423200; -0.551800; 3.387200;,
0.423200; -0.551800; 3.387200;,
0.403300; -0.538700; 3.307400;,
0.363900; -0.506600; 3.336200;,
0.378000; -0.515900; 3.392700;,
0.378000; -0.515900; 3.392700;,
0.363900; -0.506600; 3.336200;,
0.318200; -0.488500; 3.366700;,
0.325500; -0.493300; 3.395900;,
0.325500; -0.493300; 3.395900;,
